0.004370000 0.126704604 0.010152084
0.004763000 0.125851909 0.007495354
0.005158000 0.126035824 0.006707866
0.005553000 0.119699131 0.005835107
0.005950000 0.115452377 0.005321819
0.006348000 0.120351192 0.004902159
0.006747000 0.111172183 0.004688149
0.007146000 0.110821074 0.004046120
0.007546000 0.113195243 0.004034417
0.007946000 0.115268462 0.003972555
0.008346000 0.112108476 0.003385700
0.008747000 0.108948489 0.003226865
0.009148000 0.113128365 0.003310462
0.009550000 0.106356966 0.003186738
0.009951000 0.111723927 0.003138251
0.010190000 0.110453245 0.001123718
0.010350000 0.112877573 0.002678465
0.010750000 0.107075904 0.003017871
0.011160000 0.109868062 0.002686825
0.011500000 0.108079075 0.001164848
0.011560000 0.107209660 0.002815565
0.011960000 0.110570281 0.002496222
0.012360000 0.105838661 0.002802189
0.012810000 0.104501100 0.001054332
0.012770000 0.106607758 0.002579820
0.013170000 0.108363306 0.002581492
0.013570000 0.100906407 0.002573132
0.013970000 0.104166710 0.002631650
0.014120000 0.103447772 0.000963211
0.014380000 0.105738344 0.002382530
0.014780000 0.101809260 0.002372498
0.015180000 0.101056882 0.002260477
0.015440000 0.100939846 0.000871253
0.015590000 0.105220039 0.002163504
0.015990000 0.098716152 0.002263821
0.016390000 0.098766310 0.002191927
0.016750000 0.099802919 0.000836644
0.016790000 0.097378591 0.002203631
0.017200000 0.101625345 0.002021388
0.017600000 0.100956565 0.002084922
0.018070000 0.097094359 0.000919238
0.018000000 0.097428750 0.001919399
0.018410000 0.095004421 0.002099970
0.018810000 0.093282312 0.001986277
0.019210000 0.094201885 0.001937791
0.019400000 0.095539445 0.000766924
0.019620000 0.094001251 0.001944479
0.020020000 0.093449507 0.001832458
0.020420000 0.092329300 0.001805707
0.020720000 0.091810996 0.000807887
0.020830000 0.091928032 0.001844161
0.021230000 0.090456716 0.001671282
0.021630000 0.093299032 0.001742172
0.022040000 0.088951960 0.000727131
0.022040000 0.087397046 0.001852521
0.022440000 0.084604889 0.001730469
0.022840000 0.084370816 0.001814066
0.023250000 0.083451243 0.001717093
0.023360000 0.084270499 0.000733819
0.023650000 0.082414633 0.002016372
0.024050000 0.082882780 0.001715421
0.024460000 0.077649574 0.001708733
0.024690000 0.080140781 0.000741844
0.024860000 0.085039596 0.001906024
0.025260000 0.080274537 0.001859209
0.025670000 0.078084281 0.001984605
0.026010000 0.076913916 0.000652395
0.026070000 0.076579526 0.002016372
0.026470000 0.074372551 0.002185239
0.027340000 0.073519856 0.000702052
0.028660000 0.069239663 0.000555589
0.029990000 0.065310579 0.000577492
0.031310000 0.060779593 0.000581003
0.032640000 0.057686484 0.000521983
0.033960000 0.054676973 0.000467812
0.035290000 0.050446938 0.000506768
0.036620000 0.047454147 0.000472159
0.037940000 0.045899233 0.000410965
0.039270000 0.041468564 0.000446745
0.040590000 0.038810162 0.000382208
0.041920000 0.036753663 0.000386555
0.043250000 0.034312615 0.000409461
0.044570000 0.032189238 0.000385385
0.045900000 0.029831788 0.000382709
0.046170000 0.030233056 0.000408458
0.047220000 0.028076240 0.000352447
0.048550000 0.026956033 0.000386053
0.049870000 0.024180595 0.000351444
0.050150000 0.024966412 0.000319008
0.051200000 0.023461656 0.000301285
0.052520000 0.022943352 0.000329541
0.053850000 0.021488755 0.000326365
0.054120000 0.021890023 0.000285235
0.055170000 0.020786535 0.000301118
0.056500000 0.020067597 0.000324024
0.057820000 0.019265060 0.000296270
0.058090000 0.019465694 0.000249455
0.059150000 0.018930670 0.000265673
0.060470000 0.017910780 0.000296102
0.061800000 0.017074805 0.000291755
0.062070000 0.017208561 0.000221199
0.063120000 0.016606659 0.000263332
0.064440000 0.015737245 0.000279216
0.065770000 0.015737245 0.000289247
0.066040000 0.015954598 0.000222537
0.067090000 0.015035025 0.000262496
0.068410000 0.014968147 0.000256979
0.069740000 0.014817672 0.000262831
0.070020000 0.014483282 0.000207322
0.071060000 0.014048575 0.000237751
0.072380000 0.013931538 0.000221032
0.073700000 0.013212599 0.000244105
0.073990000 0.013597148 0.000224543
0.075030000 0.013162441 0.000253969
0.076350000 0.012443502 0.000235243
0.077670000 0.012276307 0.000233906
0.077960000 0.012309746 0.000192943
0.078990000 0.012226148 0.000235912
0.080310000 0.012092392 0.000261159
0.081630000 0.011156100 0.000281556
0.081920000 0.011674405 0.000175220
0.082950000 0.010253247 0.000263667
0.084270000 0.010988905 0.000255307
0.085590000 0.010353564 0.000268850
0.085890000 0.010253247 0.000175889
0.086910000 0.009484149 0.000283730
0.088230000 0.009718223 0.000298778
0.089550000 0.008815369 0.000317503
0.089850000 0.009584466 0.000174719
0.090870000 0.009300235 0.000284399
0.092190000 0.008196748 0.000368832
0.093500000 0.008313784 0.000328873
0.093810000 0.008313784 0.000161611
0.097770000 0.007695162 0.000155909
0.101700000 0.006870891 0.000163885
0.105700000 0.006028228 0.000132118
0.109600000 0.004994962 0.000151495
0.113600000 0.004849502 0.000148068
0.117500000 0.004406436 0.000163550
0.121500000 0.003771094 0.000140879
0.125400000 0.003607243 0.000133037
0.129300000 0.003323012 0.000117572
0.133200000 0.003192599 0.000127403
0.137200000 0.002886632 0.000129442
0.141100000 0.002906696 0.000127068
0.145000000 0.002612433 0.000118993
0.148900000 0.002339905 0.000120481
0.152800000 0.002331545 0.000118107
0.156700000 0.002425174 0.000111820
0.160600000 0.002259651 0.000118090
0.164500000 0.002032266 0.000116384
0.168400000 0.001813240 0.000117037
0.172300000 0.002080752 0.000109078
0.176200000 0.001652733 0.000103962
0.180000000 0.001537368 0.000106202
0.183900000 0.001587527 0.000103711
0.187700000 0.001656077 0.000111870
0.191600000 0.001403612 0.000097525
0.195400000 0.001386893 0.000107557
0.199300000 0.001157836 0.000096990
0.203100000 0.000917075 0.000098093
0.206900000 0.000957202 0.000099866
0.210800000 0.001037455 0.000087878
0.214600000 0.000858556 0.000093780
0.218400000 0.000796694 0.000096940
0.222200000 0.000659594 0.000091707
0.226000000 0.000786663 0.000105600
0.229800000 0.000672970 0.000093429
0.233600000 0.000790006 0.000102975
0.237300000 0.000562621 0.000097542
0.241100000 0.000646219 0.000098879
0.244900000 0.000417161 0.000093830
0.248600000 0.000505775 0.000094248
0.252400000 0.000540886 0.000097391
0.256100000 0.000475680 0.000109396
0.259800000 0.000499087 0.000115749
0.263600000 0.000438897 0.000116535
0.267300000 0.000562621 0.000101036
0.271000000 0.000331892 0.000118591
0.274700000 0.000066052 0.000111653
0.278400000 0.000315173 0.000114746
0.282100000 0.000318516 0.000115749
0.285700000 0.000166369 0.000104714
0.289400000 0.000146305 0.000116886
0.293100000 0.000305141 0.000113709
0.296700000 0.000412146 0.000114311
0.300400000 0.000310157 0.000120798
0.304000000 0.000141290 0.000119444
0.307600000 0.000029269 0.000115950
0.311200000 0.000273374 0.000121384
0.314900000 -0.000009186 0.000122638
0.318500000 0.000321860 0.000112288
0.322000000 0.000034285 0.000120397
0.325600000 0.000077755 0.000121216
0.329200000 0.000074412 0.000122153
0.332800000 0.000293437 0.000110432
0.336300000 0.000007534 0.000114194
0.339900000 0.000152993 0.000129559
0.343400000 0.000256654 0.000124761
0.346900000 0.000122898 0.000119361
0.350500000 0.000109523 0.000126667
0.354000000 0.000067724 0.000120514
0.357500000 -0.000097799 0.000125681
0.361000000 0.000159681 0.000121986
0.364400000 0.000201480 0.000121735
0.367900000 0.000077755 0.000121835
0.371400000 0.000077755 0.000136899
0.374800000 -0.000030921 0.000108326
0.378300000 0.000071068 0.000109713
0.381700000 0.000111195 0.000113442
0.385100000 0.000114538 0.000132235
0.388500000 -0.000020890 0.000116568
0.391900000 0.000206496 0.000115314
0.395300000 0.000009206 0.000117070
0.398700000 0.000141290 0.000115699
0.402100000 0.000144634 0.000129593
0.405400000 0.000251638 0.000117388
0.408800000 0.000091131 0.000119461
0.412100000 0.000102835 0.000123775
0.415500000 -0.000032593 0.000131098
0.418800000 -0.000000826 0.000134074
0.422100000 0.000139618 0.000124360
0.425400000 0.000081099 0.000132686
0.428700000 0.000281733 0.000129610
0.432000000 0.000223215 0.000154137
0.435300000 -0.000057673 0.000163968
0.438500000 -0.000199788 0.000200132
0.441800000 -0.000034265 0.000205650
0.445000000 0.000025925 0.000158066
